20 123
1
0 4 18
0 10 117
0 17 9
0 10 21
0 3 338
0 7 2
0 4 78
0 4 40
0 0 11
1 17 27
1 11 173
1 18 1
1 4 26
2 17 400
2 13 37
2 2 64
2 15 32
2 1 67
2 5 93
2 15 318
2 19 63
3 10 10
3 12 148
3 15 76
3 0 123
3 10 16
3 4 304
3 0 326
3 8 118
3 7 121
4 16 335
4 7 7
5 13 142
5 6 20
6 2 193
6 0 4
6 8 120
6 3 5
6 5 66
6 8 127
6 8 97
6 16 31
7 18 103
7 12 42
7 13 138
7 16 174
7 6 19
7 2 218
7 4 151
7 18 261
7 11 35
7 1 128
8 10 33
8 8 185
8 6 6
9 9 392
9 12 41
9 7 72
9 9 88
9 14 14
9 19 191
9 17 180
9 16 288
9 19 101
10 4 346
10 9 12
10 2 227
10 18 44
10 15 107
10 3 77
10 11 395
10 1 163
10 10 220
10 6 96
11 7 8
11 2 129
11 9 24
11 3 209
11 19 45
11 12 350
11 8 125
11 1 38
11 19 137
12 14 79
12 6 39
12 0 62
13 7 36
13 13 342
14 4 50
14 3 108
14 12 333
14 6 47
14 11 186
14 12 359
14 14 54
15 6 100
15 11 389
15 15 332
15 2 274
15 16 17
15 6 106
15 12 75
15 12 56
15 4 89
15 13 87
16 11 164
17 17 15
17 1 131
17 5 30
17 14 43
17 14 23
17 1 233
17 11 124
17 12 327
18 9 85
18 7 236
18 6 348
19 9 81
19 5 65
19 16 46
19 19 29
19 1 384
19 14 13